[PARKES,149.133857492,-35.2969884918,55.8188125594]
[GOWRIE,149.109711883,-35.4138276496,57.7946182673]
[WEETANGERA,149.048306562,-35.251923405,64.6237771898]
[CAPITAL HILL,149.124029181,-35.3083402774,66.05732696]
[PEARCE,149.086071191,-35.3630660636,50.6035185898]
[BONNER,149.139619878,-35.1587162296,91.4447255801]
[ISABELLA PLAINS,149.093083486,-35.4276209481,72.461541305]
[FADDEN,149.11812099,-35.4079164796,47.9314842529]
[LYNEHAM,149.127598212,-35.2443615765,74.3580302806]
[WRIGHT,149.034982145,-35.3188782319,29.7620718211]
[SYMONSTON,149.153952627,-35.3429742941,19.6759835404]
[CASEY,149.097603937,-35.1686163579,100.0]
[GORDON,149.085086016,-35.4490815389,61.348411954]
[FORREST,149.128055967,-35.3176251389,58.4041372046]
[DUFFY,149.037798935,-35.3351039496,26.6079493193]
[ISAACS,149.111720911,-35.3681305852,38.3222483172]
[FRASER,149.042729948,-35.1902997547,49.3706264216]
[ACTON,149.115216823,-35.2779044764,81.7288746299]
[BANKS,149.100112427,-35.4672617184,37.2374790989]
[THARWA,149.069088564,-35.5134253168,-3.73461261916e-11]
[GRIFFITH,149.138473668,-35.3248400594,44.3336219981]
[SPENCE,149.065494677,-35.2007108387,72.2864773865]
[FORDE,149.145237911,-35.1656963577,99.5702594188]
[LYONS,149.07524819,-35.3396007143,55.4513644445]
[NARRABUNDAH,149.144797307,-35.3345770044,33.1641889512]
[GUNGAHLIN,149.142807298,-35.1869514719,82.3492673908]
[AMAROO,149.126922295,-35.1665954621,81.6273017727]
[WATSON,149.165268722,-35.2376328958,31.5948408911]
[AINSLIE,149.152771865,-35.2593877416,49.6917822112]
[LAWSON,149.088760862,-35.2245827195,83.3108599103]
[LATHAM,149.031155869,-35.2159109403,51.033776083]
[MACQUARIE,149.063672496,-35.251601192,76.4009328696]
[BRADDON,149.134999222,-35.271568,68.2104853094]
[DENMAN PROSPECT,149.030126949,-35.2925384943,26.6348935575]
[O'CONNOR,149.113502315,-35.2592561544,95.4174414741]
[FYSHWICK,149.173717448,-35.3193919536,7.20472882667]
[CHISHOLM,149.12381298,-35.4222986309,40.4871480184]
[WANNIASSA,149.089598441,-35.3986038403,77.5157786073]
[URIARRA VILLAGE,148.92645395,-35.2961781,-82.0023896105]
[MONASH,149.088827199,-35.4162794208,81.6250931724]
[KAMBAH,149.065425584,-35.3832208768,72.4343574199]
[COOMBS,149.043235553,-35.3178430789,39.2642276041]
[CANBERRA AIRPORT,149.190566096,-35.3052917703,-4.60830809239]
[MCKELLAR,149.077379864,-35.2166880132,88.7930566376]
[MACARTHUR,149.13007685,-35.4061550467,33.9139339817]
[RED HILL,149.123244921,-35.3319722183,54.723736216]
[MACGREGOR,149.019520636,-35.2123112308,37.0135169033]
[CONDER,149.099888152,-35.461485992,42.2815938]
[CHAPMAN,149.036900965,-35.3545844273,31.7015322728]
[GARRAN,149.105130765,-35.3441543782,54.9383598776]
[COOK,149.067276969,-35.2581121145,71.6802988768]
[CRACE,149.106651711,-35.2002624222,67.8613488771]
[DEAKIN,149.108499835,-35.3221307423,73.4207017474]
[HALL,149.065110537,-35.1708947794,62.3619126552]
[FARRER,149.108671676,-35.3761668108,46.3019901039]
[SCULLIN,149.038824667,-35.2349028889,61.1672609589]
[BRUCE,149.08789529,-35.2429393167,79.7019053412]
[STIRLING,149.047677424,-35.3508462712,34.8282271614]
[GIRALANG,149.090731551,-35.2113854491,75.0611043837]
[WARAMANGA,149.062726862,-35.3525657248,41.842268078]
[JACKA,149.130866818,-35.1564091883,82.6532284719]
[MAWSON,149.0992124,-35.35943805,41.0996493295]
[O'MALLEY,149.108536782,-35.3537122564,44.6596174361]
[THEODORE,149.121854564,-35.4438411727,35.3679413771]
[KINGSTON,149.145483158,-35.3182524561,39.273080492]
[OAKS ESTATE,149.228727624,-35.3397104,-59.8550356247]
[EVATT,149.069726361,-35.211183183,83.6999516689]
[CAMPBELL,149.159240887,-35.2910485319,34.4036530621]
[GREENWAY,149.066746945,-35.4141738309,95.171690753]
[FISHER,149.055509815,-35.3608864958,47.6225349074]
[CURTIN,149.0750964,-35.3267886706,66.0206561539]
[TURNER,149.121178296,-35.2694957593,83.6017156183]
[HOLDER,149.045326133,-35.3346963723,34.3824280428]
[HUGHES,149.096382797,-35.3331924375,67.5098630765]
[YARRALUMLA,149.095929771,-35.3047489931,95.7498129047]
[BONYTHON,149.079329667,-35.435054127,76.8415553632]
[OXLEY,149.079182781,-35.40869145,92.9209691562]
[MOLONGLO,149.038191256,-35.2989816325,36.3019786544]
[MITCHELL,149.137009289,-35.2163760593,52.2832748632]
[PALMERSTON,149.118063459,-35.1956298571,65.8962964886]
[BELCONNEN,149.069056715,-35.2358456901,93.1880560569]
[NGUNNAWAL,149.109519229,-35.170697039,88.9687071459]
[CHIFLEY,149.073579676,-35.3522908529,43.2381004668]
[HIGGINS,149.027577704,-35.2315628158,48.4560279132]
[CALWELL,149.108927543,-35.4382632622,51.1805408313]
[HARRISON,149.158393392,-35.1970663399,67.9946549396]
[RIVETT,149.038092205,-35.3470926954,26.2299405664]
[ARANDA,149.081748871,-35.2581260588,71.134702425]
[BARTON,149.139665374,-35.308384,48.2619112627]
[REID,149.139748286,-35.2826925714,58.2698247163]
[GILMORE,149.137396622,-35.4148806919,25.5358827448]
[FRANKLIN,149.142191106,-35.1961336635,73.1406862869]
[DICKSON,149.1436442,-35.2529920444,59.7918615241]
[RICHARDSON,149.115586981,-35.4273187208,48.6331194543]
[HUME,149.165370943,-35.3929238864,-8.56485919995]
[PAGE,149.049160068,-35.2381850485,72.1443130257]
[DOWNER,149.143360492,-35.2447324098,58.0324837938]
[DUNLOP,149.02779055,-35.1945161441,38.674805061]
[WESTON,149.058695057,-35.3355913101,46.3786709462]
[TORRENS,149.086952403,-35.3677484545,54.6412212771]
[NICHOLLS,149.098635193,-35.1870451933,82.3114982151]
[FLYNN,149.044072795,-35.2051530267,60.3458394143]
[BEARD,149.211468192,-35.3414456923,-40.9978465979]
[HAWKER,149.038285054,-35.2463579279,57.3891883967]
[MELBA,149.055003503,-35.2090849045,72.7630662456]
[PIALLIGO,149.18814489,-35.3154698931,-6.92394376305]
[MONCRIEFF,149.115804899,-35.1579922946,79.8489036723]
[TAYLOR,149.110862571,-35.1494765571,78.9383365783]
[RUSSELL,149.150001347,-35.2999947551,38.4300658052]
[PHILLIP,149.091215519,-35.3470815577,53.5626361849]
[HOLT,149.01711611,-35.2243085195,36.1887341179]
[CHARNWOOD,149.036447847,-35.1998668898,50.034598725]
[FLOREY,149.049575635,-35.2255077904,73.9529767515]
[KALEEN,149.103648739,-35.2297058848,71.4257505953]
[CITY,149.123860443,-35.2830900261,71.9898216702]
[HACKETT,149.165048628,-35.2507742568,34.8025218001]
[THROSBY,149.15896586,-35.1883297093,74.8512024231]
