PARKES, [(-35.29734826666667, 149.1308147), (-35.29734826666667, 149.14094706666666)]
GOWRIE, [(-35.413476933333335, 149.11054996666667)]
WEETANGERA, [(-35.2508968, 149.04975576666666)]
CAPITAL HILL, [(-35.308961133333334, 149.12068233333332)]
PEARCE, [(-35.36702546666667, 149.08015286666665)]
BONNER, [(-35.157993866666665, 149.14094706666666)]
ISABELLA PLAINS, [(-35.4250898, 149.08015286666665), (-35.4250898, 149.09028523333333), (-35.4250898, 149.1004176)]
FADDEN, [(-35.40186406666667, 149.11054996666667), (-35.40186406666667, 149.12068233333332)]
LYNEHAM, [(-35.23928393333333, 149.12068233333332), (-35.2508968, 149.1308147), (-35.23928393333333, 149.1308147), (-35.227671066666666, 149.14094706666666)]
SYMONSTON, [(-35.3554126, 149.14094706666666), (-35.3554126, 149.15107943333334), (-35.3554126, 149.1612118), (-35.343799733333334, 149.1612118), (-35.3554126, 149.17134416666667), (-35.343799733333334, 149.17134416666667), (-35.343799733333334, 149.18147653333332)]
CASEY, [(-35.16960673333333, 149.09028523333333), (-35.157993866666665, 149.1004176)]
GORDON, [(-35.47154126666667, 149.08015286666665), (-35.4599284, 149.08015286666665), (-35.448315533333336, 149.08015286666665), (-35.47154126666667, 149.09028523333333), (-35.4599284, 149.09028523333333), (-35.448315533333336, 149.09028523333333)]
FORREST, [(-35.320574, 149.12068233333332)]
DUFFY, [(-35.343799733333334, 149.02949103333333), (-35.33218686666667, 149.02949103333333), (-35.33218686666667, 149.0396234)]
ISAACS, [(-35.36702546666667, 149.11054996666667), (-35.378638333333335, 149.12068233333332), (-35.36702546666667, 149.12068233333332)]
KINGSTON, [(-35.320574, 149.15107943333334)]
ACTON, [(-35.2857354, 149.1004176), (-35.2857354, 149.11054996666667), (-35.27412253333333, 149.11054996666667), (-35.2857354, 149.12068233333332), (-35.27412253333333, 149.12068233333332)]
BANKS, [(-35.47154126666667, 149.1004176), (-35.47154126666667, 149.11054996666667)]
GRIFFITH, [(-35.33218686666667, 149.1308147), (-35.320574, 149.1308147), (-35.320574, 149.14094706666666)]
SPENCE, [(-35.192832466666665, 149.05988813333335)]
FORDE, [(-35.16960673333333, 149.14094706666666), (-35.16960673333333, 149.15107943333334), (-35.157993866666665, 149.15107943333334)]
LYONS, [(-35.343799733333334, 149.0700205), (-35.343799733333334, 149.08015286666665)]
NARRABUNDAH, [(-35.343799733333334, 149.14094706666666), (-35.33218686666667, 149.14094706666666), (-35.343799733333334, 149.15107943333334), (-35.33218686666667, 149.15107943333334), (-35.33218686666667, 149.1612118)]
GUNGAHLIN, [(-35.192832466666665, 149.1308147), (-35.1812196, 149.1308147), (-35.192832466666665, 149.14094706666666), (-35.1812196, 149.14094706666666)]
AMAROO, [(-35.16960673333333, 149.12068233333332), (-35.16960673333333, 149.1308147)]
WATSON, [(-35.23928393333333, 149.15107943333334), (-35.23928393333333, 149.1612118), (-35.227671066666666, 149.1612118)]
AINSLIE, [(-35.262509666666666, 149.14094706666666), (-35.262509666666666, 149.15107943333334)]
LAWSON, [(-35.227671066666666, 149.08015286666665), (-35.227671066666666, 149.09028523333333)]
LATHAM, [(-35.2160582, 149.01935866666668), (-35.2160582, 149.02949103333333), (-35.2160582, 149.0396234)]
MACQUARIE, [(-35.2508968, 149.05988813333335), (-35.2508968, 149.0700205)]
BRADDON, [(-35.27412253333333, 149.1308147), (-35.27412253333333, 149.14094706666666)]
DENMAN PROSPECT, [(-35.29734826666667, 149.01935866666668), (-35.308961133333334, 149.02949103333333), (-35.29734826666667, 149.02949103333333)]
O'CONNOR, [(-35.262509666666666, 149.11054996666667), (-35.2508968, 149.11054996666667), (-35.262509666666666, 149.12068233333332), (-35.2508968, 149.12068233333332)]
FYSHWICK, [(-35.308961133333334, 149.15107943333334), (-35.320574, 149.1612118), (-35.308961133333334, 149.1612118), (-35.33218686666667, 149.17134416666667), (-35.320574, 149.17134416666667), (-35.308961133333334, 149.17134416666667), (-35.33218686666667, 149.18147653333332), (-35.320574, 149.18147653333332), (-35.33218686666667, 149.1916089)]
CHISHOLM, [(-35.4250898, 149.12068233333332), (-35.413476933333335, 149.12068233333332), (-35.4250898, 149.1308147)]
WANNIASSA, [(-35.40186406666667, 149.08015286666665), (-35.40186406666667, 149.09028523333333), (-35.3902512, 149.09028523333333), (-35.40186406666667, 149.1004176), (-35.3902512, 149.1004176)]
URIARRA VILLAGE, [(-35.29734826666667, 148.92816736666666)]
MONASH, [(-35.413476933333335, 149.09028523333333), (-35.413476933333335, 149.1004176)]
KAMBAH, [(-35.3902512, 149.0396234), (-35.3902512, 149.04975576666666), (-35.378638333333335, 149.04975576666666), (-35.40186406666667, 149.05988813333335), (-35.3902512, 149.05988813333335), (-35.378638333333335, 149.05988813333335), (-35.3902512, 149.0700205), (-35.378638333333335, 149.0700205), (-35.3902512, 149.08015286666665)]
COOMBS, [(-35.320574, 149.0396234), (-35.320574, 149.04975576666666)]
CANBERRA AIRPORT, [(-35.320574, 149.1916089), (-35.308961133333334, 149.1916089), (-35.29734826666667, 149.1916089), (-35.308961133333334, 149.20174126666666)]
MCKELLAR, [(-35.2160582, 149.08015286666665)]
MACARTHUR, [(-35.40186406666667, 149.1308147)]
DICKSON, [(-35.2508968, 149.14094706666666), (-35.2508968, 149.15107943333334)]
MACGREGOR, [(-35.2160582, 148.99909393333334), (-35.20444533333333, 148.99909393333334), (-35.2160582, 149.0092263), (-35.20444533333333, 149.0092263), (-35.20444533333333, 149.01935866666668)]
CONDER, [(-35.4599284, 149.1004176), (-35.448315533333336, 149.1004176), (-35.4599284, 149.11054996666667), (-35.4599284, 149.12068233333332)]
CHAPMAN, [(-35.3554126, 149.0396234)]
GARRAN, [(-35.343799733333334, 149.1004176), (-35.343799733333334, 149.11054996666667), (-35.343799733333334, 149.12068233333332)]
COOK, [(-35.262509666666666, 149.05988813333335), (-35.262509666666666, 149.0700205)]
CRACE, [(-35.20444533333333, 149.1004176), (-35.20444533333333, 149.11054996666667)]
DEAKIN, [(-35.320574, 149.09028523333333), (-35.320574, 149.1004176), (-35.320574, 149.11054996666667)]
HALL, [(-35.16960673333333, 149.0700205)]
FARRER, [(-35.378638333333335, 149.1004176), (-35.378638333333335, 149.11054996666667)]
SCULLIN, [(-35.23928393333333, 149.0396234)]
BRUCE, [(-35.2508968, 149.08015286666665), (-35.23928393333333, 149.08015286666665), (-35.2508968, 149.09028523333333), (-35.23928393333333, 149.09028523333333), (-35.2508968, 149.1004176), (-35.23928393333333, 149.1004176)]
STIRLING, [(-35.3554126, 149.04975576666666), (-35.343799733333334, 149.04975576666666)]
GIRALANG, [(-35.2160582, 149.09028523333333), (-35.20444533333333, 149.09028523333333), (-35.2160582, 149.1004176)]
WARAMANGA, [(-35.3554126, 149.05988813333335)]
JACKA, [(-35.157993866666665, 149.1308147)]
MAWSON, [(-35.36702546666667, 149.1004176), (-35.3554126, 149.1004176)]
O'MALLEY, [(-35.3554126, 149.11054996666667), (-35.3554126, 149.12068233333332)]
THEODORE, [(-35.448315533333336, 149.11054996666667), (-35.448315533333336, 149.12068233333332)]
FRASER, [(-35.192832466666665, 149.0396234), (-35.192832466666665, 149.04975576666666)]
EVATT, [(-35.2160582, 149.05988813333335), (-35.2160582, 149.0700205), (-35.20444533333333, 149.0700205), (-35.20444533333333, 149.08015286666665)]
CAMPBELL, [(-35.2857354, 149.15107943333334), (-35.27412253333333, 149.15107943333334), (-35.29734826666667, 149.1612118), (-35.2857354, 149.1612118), (-35.29734826666667, 149.17134416666667)]
GREENWAY, [(-35.4250898, 149.05988813333335), (-35.413476933333335, 149.05988813333335), (-35.4250898, 149.0700205), (-35.413476933333335, 149.0700205), (-35.40186406666667, 149.0700205)]
CURTIN, [(-35.33218686666667, 149.0700205), (-35.320574, 149.0700205), (-35.33218686666667, 149.08015286666665), (-35.320574, 149.08015286666665)]
TURNER, [(-35.262509666666666, 149.1308147)]
HOLDER, [(-35.33218686666667, 149.04975576666666)]
HUGHES, [(-35.33218686666667, 149.09028523333333), (-35.33218686666667, 149.1004176)]
YARRALUMLA, [(-35.308961133333334, 149.08015286666665), (-35.308961133333334, 149.09028523333333), (-35.29734826666667, 149.09028523333333), (-35.308961133333334, 149.1004176), (-35.29734826666667, 149.1004176), (-35.308961133333334, 149.11054996666667), (-35.29734826666667, 149.11054996666667), (-35.29734826666667, 149.12068233333332)]
BONYTHON, [(-35.43670266666667, 149.08015286666665), (-35.43670266666667, 149.09028523333333)]
OXLEY, [(-35.413476933333335, 149.08015286666665)]
MOLONGLO, [(-35.29734826666667, 149.0396234)]
MITCHELL, [(-35.227671066666666, 149.1308147), (-35.2160582, 149.14094706666666)]
PALMERSTON, [(-35.192832466666665, 149.12068233333332)]
BELCONNEN, [(-35.23928393333333, 149.05988813333335), (-35.227671066666666, 149.05988813333335), (-35.23928393333333, 149.0700205), (-35.227671066666666, 149.0700205)]
NGUNNAWAL, [(-35.16960673333333, 149.1004176), (-35.1812196, 149.11054996666667), (-35.16960673333333, 149.11054996666667), (-35.1812196, 149.12068233333332)]
CHIFLEY, [(-35.3554126, 149.0700205), (-35.3554126, 149.08015286666665)]
HIGGINS, [(-35.23928393333333, 149.02949103333333), (-35.227671066666666, 149.02949103333333)]
CALWELL, [(-35.43670266666667, 149.1004176), (-35.43670266666667, 149.11054996666667), (-35.43670266666667, 149.12068233333332)]
HARRISON, [(-35.20444533333333, 149.15107943333334), (-35.20444533333333, 149.1612118)]
RIVETT, [(-35.343799733333334, 149.0396234)]
ARANDA, [(-35.262509666666666, 149.08015286666665)]
BARTON, [(-35.308961133333334, 149.1308147), (-35.308961133333334, 149.14094706666666)]
REID, [(-35.2857354, 149.14094706666666)]
GILMORE, [(-35.413476933333335, 149.1308147), (-35.413476933333335, 149.14094706666666)]
FRANKLIN, [(-35.20444533333333, 149.14094706666666), (-35.192832466666665, 149.15107943333334)]
RED HILL, [(-35.33218686666667, 149.11054996666667), (-35.33218686666667, 149.12068233333332), (-35.343799733333334, 149.1308147)]
RICHARDSON, [(-35.4250898, 149.11054996666667)]
HUME, [(-35.40186406666667, 149.15107943333334), (-35.3902512, 149.15107943333334), (-35.40186406666667, 149.1612118), (-35.3902512, 149.1612118), (-35.378638333333335, 149.1612118), (-35.3902512, 149.17134416666667), (-35.378638333333335, 149.17134416666667), (-35.36702546666667, 149.17134416666667), (-35.378638333333335, 149.18147653333332)]
PAGE, [(-35.23928393333333, 149.04975576666666)]
DOWNER, [(-35.23928393333333, 149.14094706666666)]
DUNLOP, [(-35.192832466666665, 149.0092263), (-35.192832466666665, 149.01935866666668), (-35.192832466666665, 149.02949103333333)]
WESTON, [(-35.343799733333334, 149.05988813333335), (-35.33218686666667, 149.05988813333335), (-35.320574, 149.05988813333335)]
TORRENS, [(-35.36702546666667, 149.09028523333333)]
NICHOLLS, [(-35.1812196, 149.08015286666665), (-35.192832466666665, 149.09028523333333), (-35.1812196, 149.09028523333333), (-35.192832466666665, 149.1004176), (-35.1812196, 149.1004176), (-35.192832466666665, 149.11054996666667)]
FLYNN, [(-35.20444533333333, 149.0396234), (-35.20444533333333, 149.04975576666666)]
HAWKER, [(-35.2508968, 149.0396234)]
MELBA, [(-35.2160582, 149.04975576666666), (-35.20444533333333, 149.05988813333335)]
PIALLIGO, [(-35.308961133333334, 149.18147653333332), (-35.29734826666667, 149.18147653333332), (-35.2857354, 149.1916089), (-35.33218686666667, 149.20174126666666), (-35.320574, 149.20174126666666)]
MONCRIEFF, [(-35.157993866666665, 149.11054996666667), (-35.157993866666665, 149.12068233333332)]
RUSSELL, [(-35.29734826666667, 149.15107943333334)]
PHILLIP, [(-35.3554126, 149.09028523333333), (-35.343799733333334, 149.09028523333333)]
HOLT, [(-35.227671066666666, 148.99909393333334), (-35.227671066666666, 149.0092263), (-35.227671066666666, 149.01935866666668)]
CHARNWOOD, [(-35.20444533333333, 149.02949103333333)]
FLOREY, [(-35.227671066666666, 149.0396234), (-35.227671066666666, 149.04975576666666)]
KALEEN, [(-35.227671066666666, 149.1004176), (-35.23928393333333, 149.11054996666667), (-35.227671066666666, 149.11054996666667), (-35.2160582, 149.11054996666667), (-35.227671066666666, 149.12068233333332)]
CITY, [(-35.2857354, 149.1308147)]
HACKETT, [(-35.2508968, 149.1612118)]
THROSBY, [(-35.1812196, 149.15107943333334), (-35.192832466666665, 149.1612118)]
